999999
100
949 7375
305 6508
9397 3698
4871 6152
9728 3854
9433 4591
3754 3475
9721 5951
2271 5269
4189 2868
4193 1820
1578 6470
6622 3404
8127 7795
7187 9345
685 5666
1346 9448
7054 8808
9988 4800
7589 6871
2177 1275
6643 4599
5542 807
387 870
2190 4270
9640 3571
1500 9981
5622 7793
6348 5398
479 7903
5670 8811
7426 9288
1506 7523
1601 7803
1205 9166
8097 9975
7178 1163
8937 4922
4904 7637
3421 6003
751 3843
3602 1692
1097 1042
7728 7680
3187 3008
3132 6367
1761 2370
6932 2633
7726 7049
8327 1934
751 5207
2629 5696
4615 416
1144 744
6334 6269
6671 1847
9468 3019
4973 5702
1567 5006
3623 8886
1515 1175
1116 3158
6491 6512
7957 7273
680 7177
4295 2274
9588 8916
3951 5582
9223 7265
5645 554
8523 9284
8853 1326
4486 3233
3782 5489
1761 2709
4076 8613
4197 1207
3260 7805
3372 7681
4938 6003
4731 2236
5026 2692
3035 7106
6779 251
5734 3234
5317 1554
2069 8426
4153 4183
1622 3575
7853 8331
4177 8156
247 9872
1585 2139
9144 1234
6516 5853
5670 1471
4941 2009
8295 2874
2682 74
9329 5615
