1000000
100
871 510
600 858
11 74
515 886
714 659
513 142
976 524
633 335
790 683
874 942
422 577
390 552
478 53
673 196
15 101
444 811
97 639
533 221
452 900
271 736
835 383
361 423
476 486
35 834
532 845
457 922
787 398
313 515
402 555
872 32
107 788
154 636
797 901
423 268
710 283
775 475
552 259
139 765
774 112
235 912
269 379
816 787
777 370
579 527
152 631
34 313
31 808
286 237
649 559
231 507
120 982
317 115
185 349
384 252
663 707
714 15
763 216
425 857
375 726
487 664
59 460
780 416
799 197
472 977
893 869
314 329
465 141
962 425
659 471
517 927
483 230
167 455
363 153
1000 221
719 406
968 74
425 482
238 299
793 613
41 969
263 228
999 33
91 610
98 707
27 402
129 327
887 180
956 852
513 376
160 329
433 290
116 109
426 536
731 684
581 691
780 936
687 206
961 124
95 213
586 415
