1000000
100
74088 21454
33820 32314
99871 28989
1008 50685
58974 27942
41743 36099
37522 32771
18929 71116
52900 32289
96404 99942
58813 67727
85096 73393
84180 43402
69586 62607
13174 73968
21397 60312
26959 52261
56164 16347
54289 49641
18510 22724
73146 702
24439 59545
82193 41836
70159 87587
14582 60851
37478 66070
1396 16407
18746 39232
44025 21878
23397 65810
18318 80338
58515 18474
85592 54279
37864 1986
11171 55447
28056 89481
7957 23511
93064 55210
5941 5378
25216 52662
56934 54645
23928 1665
83189 99224
94385 73355
67966 7567
24667 3351
22182 54585
68644 90722
83623 8329
16449 12067
61186 40448
97405 69024
6361 96372
542 5551
15762 36021
53942 54291
62617 89675
10312 64217
50523 35484
96607 3458
40723 40251
183 39929
44018 60598
52550 60124
92187 50970
99984 64492
21329 93214
3392 61365
53554 51352
19079 94812
54379 67945
78594 73404
54368 84733
6251 94172
46144 71608
4125 70460
25674 42154
58518 4582
21634 80516
11591 90692
13064 89325
24897 73888
45899 29301
86096 25952
28427 72192
69575 63133
77324 45681
19907 27911
45383 53916
43050 74604
43044 4402
43351 42126
54792 31500
59486 9051
92581 50591
24442 13763
48791 3790
93884 81789
45678 17838
64333 43932
