999999
100
61168 2
91913 4
7665 6
78866 8
98689 10
50586 12
50547 14
12852 16
46633 18
90060 20
32259 22
58061 24
77525 26
13165 28
74585 30
8793 32
26861 34
96369 36
5500 38
5689 40
75436 42
77822 44
31231 46
91654 48
20588 50
81528 52
71922 54
5675 56
24913 58
37865 60
98487 62
39580 64
44259 66
40705 68
59039 70
10693 72
63407 74
9312 76
9985 78
71919 80
62871 82
63112 84
12836 86
76833 88
16837 90
35082 92
36901 94
91810 96
76044 98
37219 100
29262 102
39996 104
24116 106
93087 108
6241 110
26971 112
47915 114
88297 116
59674 118
28454 120
25993 122
81892 124
1663 126
73354 128
91484 130
18468 132
33492 134
77194 136
51346 138
82689 140
78638 142
31534 144
60720 146
21134 148
72323 150
34011 152
34559 154
99576 156
27014 158
14135 160
87048 162
71400 164
66346 166
24715 168
88744 170
61463 172
30963 174
94043 176
20746 178
52069 180
45998 182
75415 184
41266 186
28406 188
8779 190
57843 192
2350 194
60761 196
9813 198
73521 200
