987654
100
93533 4
95535 8
99633 10
94963 4
92195 2
91329 1
95753 8
98590 9
97479 3
92369 2
90868 10
92350 3
99341 6
97660 10
94839 7
95267 10
97886 2
96479 10
98165 3
99294 8
94232 9
98963 2
98613 3
97039 1
99897 9
91283 9
96956 5
98123 1
95570 3
93223 6
94134 9
98796 9
90326 5
92475 3
93169 4
97980 2
96625 2
93084 10
99180 9
93061 4
94727 1
95118 8
99986 9
90411 4
92630 5
98866 2
97944 8
98905 10
93980 7
99655 10
90897 7
99474 5
97023 9
98708 5
96431 4
90160 2
92185 10
91395 10
98961 3
94038 2
94537 3
96677 4
93655 9
96876 5
90095 5
90575 6
94606 4
92506 2
91676 7
92150 1
97289 1
96455 6
90866 10
92519 2
96902 7
92610 6
97545 3
96296 3
94888 4
93426 8
97361 9
90011 9
95657 4
91511 10
90577 7
93973 6
94334 3
99288 6
92788 1
92433 10
94227 4
93882 4
99143 7
91865 4
99613 10
96379 8
98917 6
98732 9
95436 1
98171 6
