888888
100
225 33
292 186
952 154
992 994
97 765
39 240
976 544
416 219
488 887
328 230
254 82
697 465
299 960
790 349
602 296
298 774
962 61
677 938
908 884
845 196
321 504
781 287
208 149
372 45
605 664
47 618
923 232
688 902
596 876
686 164
491 866
312 380
92 111
204 29
719 645
304 577
191 140
102 705
205 822
325 986
774 217
936 939
55 482
407 562
791 856
100 917
986 499
292 593
586 181
900 579
583 98
606 994
582 426
493 271
139 974
842 657
83 621
819 785
27 872
884 518
803 175
890 333
8 243
742 103
39 77
744 911
210 100
323 370
45 684
890 34
791 479
266 853
268 629
316 828
434 960
335 230
588 181
978 34
913 576
419 662
605 558
252 564
935 28
915 472
316 4
965 851
321 566
173 991
221 194
515 416
421 62
707 674
37 435
51 717
307 770
103 946
693 369
852 594
906 42
875 537
