987655
100
11 24750
10 23015
20 17394
15 22304
20 17706
20 19181
14 16948
20 21900
12 20538
14 15735
14 13640
11 22940
17 16806
18 25590
17 28690
10 21330
11 28896
17 27615
20 19599
18 23740
12 12549
17 19197
16 11612
10 11739
12 18539
20 17140
11 29962
16 25586
16 20795
10 25806
16 27621
18 28575
11 25045
11 25605
11 28331
18 29950
17 12324
19 19843
15 25274
13 22005
10 17684
13 13383
11 12083
18 25360
13 16015
13 22734
11 14738
17 15264
18 24098
19 13867
10 20414
12 21391
15 10830
11 11487
16 22536
17 13693
20 16036
15 21403
11 20010
13 27771
11 12348
11 16315
17 23024
18 24546
10 24353
14 14547
20 27831
14 21163
20 24529
16 11107
19 28567
19 12650
14 16464
14 20977
11 15418
14 27224
14 12412
13 25610
13 25361
15 22004
15 14470
15 15383
13 24211
17 10500
16 16468
15 13107
12 26852
14 18365
11 17149
18 26661
14 26311
10 29743
11 14277
20 12467
17 21706
16 12940
15 14016
19 15747
12 10146
20 21228
